00001111010000111111010011010101
00001111010000101111010011010101
00001111010000101111010010011101
00001111001110001111001001101010
00001111001110001111001001111101
00001111001101111111001001111101
00001111001101111111001010000100
00001111001101101111001010001100
00001111001101101111001010010011
00001111001101101111001010010111
00001111001101011111001010100010
00001111001101011111001010100010
00001111001101011111001010101001
00001111001101001111001010110000
00001111001101001111001010110000
00001111001101001111001010111000
00001111001100111111001010111111
00001111001100111111001010111111
00001111001100111111001011000011
00001111001100111111001011000110
00001111001100101111001011001110
00001111001100101111001011010001
00001111001100101111001011010101
00001111001100101111001011011001
00001111001100011111001011011100
00001111001100011111001011011100
00001111001100011111001011100100
00001111001100011111001011101000
00001111001100001111001011101000
00001111001100001111001011101011
00001111001100001111001011101111
00001111001100001111001011110011
00001111001100001111001011111010
00001111001100001111001011110110
00001111001011111111001011111110
00001111001011111111001011111110
00001111001011111111001100000001
00001111001011111111001100000101
00001111001011101111001100001001
00001111001011101111001100001001
00001111001011101111001100001100
00001111001011101111001100010000
00001111001011101111001100010111
00001111001011101111001100010111
00001111001011011111001100010100
00001111001011011111001100011011
00001111001011011111001100011111
00001111001011011111001100011111
00001111001011011111001100100110
00001111001011011111001100100110
00001111001011001111001100101010
00001111001011001111001100101010
00001111001011001111001100110001
00001111001011001111001100101101
00001111001010111111001100110101
00001111001010111111001100110001
00001111001010111111001100111000
00001111001010111111001100110101
00001111001010111111001100111000
00001111001010111111001100111100
