1111010001110111111000111110100100000000101110101110111001100111
1110011001000110111001110011111011111111010011101110011111011001
1111000101110000000000011000010011111110010001001111000111101100
0000001100001001000000111010001100000001111110100000100101011111
1111000111001010111100110010101100000001101111111111011011110011
1111110000001111000000001101010111111101100000111111111011110101
1110100101011100111010011010010011111111001110001110110101111110
1110101111010001111101010110101100000011101000101111010100111001
1111011101110001111011110010111011111110000010101111010000001011
1110101010001011111100000111000011111111101010111111000001110011
1111011001011000000001111011011111111100110010011111101100111001
1110101101101100111101100000000000000101111111111110101000111100
0000000111010001111111010101001011111100001101011111110110111100
0000000011110011000100011001101000000000010000011111001110001110
1111100111101101111111100001000011111111101010001111010101000110
1111101110011010000001000111100011111100111111111111110101011011
1111001000010101111101100101110100000000000100011111010011111100
1110010010110110111001011101011100000100000011101110101111001111
1111100111100000000001000010110011111111110000101111000100100100
1110110010010011111011010001111011111111000010001110101111010100
1111010000110010111110001111100000000100101000001111010001111101
0000001011001101000001110100101100000111010001100001100100110000
1110001010100110111001111100001011111100101111101110001101011010
1111001011110011000000111011101011111011001000110000000110011101
0000001101000101000001010101010000000111101100100000000110011010
0000011111000001000000111000100011111000011001110000100011000111
0000000110000111000010111101100100000000011110111111101000010101
1111101110100000000011000000101111111111110101011111001110001011
1111110001011011111111101011100111110111111000010000000111101101
1110000000011101111100101101111111111111101000111110101101101110
1111000101011011111111101011010000000000001110111110110011110101
0000000111000101000010011010110000000010101111101111001100011010
1111111100001000000000010100100111111001111110010000010000101011
1110101010110100111100111011110011111001101111111110010100011010
1110100001100110111011010001011111111110000010001110101010101000
1110111000110001111100010100001111111101000101001110110111111101
1111010011010011111110101011000111111001110000111111100010010110
1111101111101010000000000100010100000100000001111110110101110010
1110001000001011111011110111000111111101100000001110010010101010
1111000001100011111010101111101100000110101000101110100010011110
1111110100001101111110100111011000000101001100111111110000000100
1111100001011000000010111100011100000001111010011111101111101011
0000000100111100111111011111111011111010001100111111110101101000
1110100001001000111110100011011111111100110011111110111101010101
0000001000011101111111110001111000000101101001111111110001010100
1111100001101010000001110011110111111100010001111111101010110100
1111010000010100111111011010110100000101011001111111010010110111
1111000101111010111100101111001111111111101010111111011001101111
1110110111001100111010100010110111111100001110011110101111011110
1111011111110110000001011111011000000110001010011111110011001111
1111011010001111000001100000000111111010101011111111011110011001
1111101011101010000100010011000100000000101001011111010000011111
1111110010110011111101001010110000000110011110111110101100111010
1111111111100111000000011000001000000100101000010000001100110101
1110111001010111111100001000110000000100010010011111001011011111
1110111011011111111111011110101011111101001001101110101100000110
1111111001100000111111000000111000000111001111000000001010010101
1111000110000001111100101001010011110111000011011110111010111000
1111110010001011000000000110001111111011010110111111110110000111
0000100101101111000000001000110011111101101011001111000110011000
1110010111001111111100100111010111111100101101001110110010111010
1111110010011001111101000111011011111001011001111111101001001001
1111010110000110111011001111000000000001010101111111001111111100
1111101000011000000000100000111011111101110011011111111011101010
