1111000000110000111111100101101111111110110111001110100000010010
1111001111001010111011101110110011111110110000101111010000111011
1111010101111000111100100001010011111101110001011111110010111100
1101100001001001111000010011011011111111110011101101011101110100
1111011111010111111110111011111100000000011110011111010011110011
1101100110101110110111010110100111111111100011111101110101101110
1110100100001010111000110000101000000000111110001110101001011000
1110010001000001111001100110011111111111010010011110011011111001
1111010011001101111110100100110011111110001110101111100100010000
1101111101000010110111011011010011111110010010111110001100001110
1111111101000101111110110110011100000001111011001111110111000011
1111111110011101111110100011011111111110001111001111111000011111
1111100100000110111111110001000000000000100100011111110100100000
1110110010111111111011101111001000000000000010001110010011010010
0000011100111010000001100110001011111011011101010000000111110000
1101110111010111111001000010100111111111101000001101110111001000
1111000101101101111100000001100000000001010001101110110100101010
1101110000010110111000101001101000000001011100101110011010011010
1110111011001111111010001000010000000001111010011110101000110000
1110001101011110111000000010010111111110111010001101110010111110
1111001100001010111100101000001011111101100000111111001101010010
1101011000001110110111111110110100000001010001011101001101100001
0000001000100111111111011110100011111101101000011111111101011000
1101101001110000111001100101101100000000001011001101011101010010
1111001011010101111010101011100111111101011011101111000110100110
1110010101101001111010100100000011111011011110011110001111001011
1111100110101011111110111100111000000010011001001111100001001110
1110001100011100111010111101000000000000101000101110001010101110
1101111001100110111000110001100011111111111001101101100110010101
1111101111000010111111010110011100000010110110111111111001011000
1111101110111110111111000011000000000001111111110000000001000110
1111101110111000111111111000011100000001101110111111100011011110
1101101111111010110111101110001111111111010100101101100010101001
1110110010010010111000111011100011111111100111001110010101010010
1111011001100100000001010011100100000001001111101111001101000000
1101110010101011111001100011101000000000011001101101110011001011
1101111000001011111011001100111100000010011001001110000110111111
1110111010101111111010111111111100000001100011011110101100111110
1111001000010100111100010010100100000001101011001110111000111001
1101100000001110110110011011111111111111100110011110000010001001
0000000100001011000000101100010011111101000110110000001100000101
1110110101000010111100001000100000000001110110011110111000001111
1101111100001000111001110000001100000001010100101110001100110010
1111011110001101111101010101101100000001010100101111001101010110
1111110100001101111111110000101100000010011001011111111010111001
1110001001110101111010010101001000000001010001111101011011111101
1110111011101100111100001111011111111101111001011111101000000010
1110110111100110000001000010001111111100100100011111000110000110
1101011010110001110111100110111111111111010101111101001101010110
1111000010010011000010010111001011111110011111111110100010001101
1111101100110100000000000010110011111111111000101111110010001000
1101011101101110111000110111101111111101100100011101100101011110
1110010000001100110111100111100011111110100001101101111100111110
1101110000101011110111001101011000000000101110011101110101001101
0000000110001011000001001110101111111100110010000000000011011101
1111000001000001000000001100000000000001001011111111111100011010
1110111101100111111001001111001111111110000001011110111000001100
1110101101101110111011011010111000000001000000001110111001001100
1110110001011000111001011010010100000001000001001110101010101010
0000000110010010111111100010010100000010101111111111111001111011
1111100000110111111110110000110000000001100011101111011100100001
0000000100100001111110110110001100000001101111100000000000111010
0000001100010001000001001001010011111100011101001111111010000000
1110101101101111111010110010000011111111010111101110100110010101
