00000000000000000010000000000000001000000000000000100000000000000010000000000000
00000111110110110000000000000000000000000000000000000011000010000000001100100101
00001010110101110000011100110011000001010100010000000100010010100000010001100110
00001100010101000000011001001010000000100110010100000100000101100000010000110001
00001101001111100000010010100100000000111001111100000001010011010000000101101100
00001110100011100000010010001011000000110000010100000000111011110000000100001110
00010001100000010000100101110110000001011000010100001010000001110000101000011101
00010100011111110000011101101010000001000101100000000011000000110000001100011111
00010111111001010000010000101010000001000111100000000000001000000000000001000000
00011011101001010000010010011001000000110011011100000001001101000000000101010010
00100000000000000000001000011011000001010111100100000000000000000000000000000000
