00001111011010110000000000000000
00001111011001110000000000000000
00001111011011100000000000000000
00001111011100010000000000000000
00001111011010110000000000000000
00001111011010110000000000000000
00001111011010010000000000000000
00001111011010010000000000000000
00001111011001010000000000000000
00001111011001100000000000000000
00001111011011000000000000000000
00001111011011110000000000000000
00001111011010100000000000000000
00001111011010110000000000000000
00001111011011010000000000000000
00001111011011100000000000000000
00001111011011010000000000000000
00001111011010100000000000000000
00001111011010100000000000000000
00001111011001110000000000000000
00001111011001000000000000000000
00001111011000110000000000000000
00001111011010010000000000000000
00001111011011000000000000000000
00001111011100000000000000000000
00001111011011010000000000000000
00001111011011000000000000000000
00001111011010000000000000000000
00001111011100000000000000000000
00001111011011100000000000000000
