1111110001011011
1111110101000010
1111101110101101
1111111000111011
0000001100001010
0000001110011101
0000001100010110
1111110001110010
1111110010010000
1111110100110000
0000010000010111
1111101100101001
0000010001000010
1111111110110111
1111101000101000
1111111011101000
0000001011111100
0000001110101000
0000001110100000
0000001110001010
1111110011101110
0000001010011101
1111101011011101
1111110110001001
1111110000111100
0000000011000011
0000001101110011
0000010000011001
1111111000011100
0000010101100000
0000010010010010
0000010000111110
0000000111111010
1111110010111101
0000001000111111
0000000111001101
1111111011000011
0000001100010100
0000001110100010
1111110100101000
1111100010101101
0000001011111100
1111111101011001
0000010000010100
0000010101011100
0000000111000101
1111101110011010
0000000000100101
1111111010100001
0000001010010101
1111101110010110
1111111110000001
0000000001100100
0000000100011010
1111101110001001
1111100010101110
1111110011011111
1111110100101100
0000001000111101
0000010000001100
0000001110010000
0000010001101110
1111100001100011
0000001100101000
