1111010010000010111100001001100100000001101010011110111110110101
0001011110010111000110111111101000000010010001010010000000101101
0000000101110000111101100011100011111001001001001111101010010001
1111110011001011111100100011000100001101110110101111010111111101
1111110000111110111101011100100111111100010111000000000011111110
1111100110100001111011010011100111111110111011001111101011100101
1111101101010110111100100011011011111110011100011111100010010111
1111101110100111111100101101011111111101010011101111110101111000
1111001001100110111101100001010000001000101000101111001001100101
0001010101011101000101111001000000000011101001000001010111011001
1111010000101101111101101001100000000100011101101111011110100011
1111011001000100111110110000010111111110110001011111010110011101
1110101011111000111011010100010011111001010110111110100101110100
1111101110000000111111111110010000000000011011001111011100010010
1111100111000100111010001011010000000101001001001111100101000011
1111010111000010111010011011110000000100110011111111100101101100
1111001010110111111111000110000011110100100011101111010000001010
0000100111111011000001011100101100000001010111110000100101101001
0000001100010010000011011000101000000010010010110000001011000010
1111110111110101111111101010010000000001000100101111110011101110
1111110000101010000010010010111100000101000000111111100011000011
1111001011110100111101011100001011111010000101101111001010110010
1111110101110000000010000011111000010101111111101111111000101110
1111100110011011000000111111110000010001101010000000001110101000
0000011100001110000011011111101111110110111100000000101000010010
1111110010000110111111011000101100000001001111101111011111100110
0000101011010100000011011001011111110101001100110000100100100001
1111110110010110000000010011101000010000100010100000001010011001
0000100111101001000000011011101000000100011101000000100100001010
0000101110111101000010100000110011111110111101100000101110001000
0000011100011110111110111001101011111111100010100000011110010011
0000010000101001111111111111001111111110001110010000011010010001
1111000110101101111011111010011000001011001001001111001110100100
0001000110011100000011110011111000000111000101000000101111001000
1111000010001010111100110110110000000110100000111110111001010100
1111100110100011000000001011110000000001000100001111110000101101
1111101010110001111100010111110100000000110010111111100110111100
1111110011101100111110010001100011111011111001001111100101101001
1111100011010100111011010011010000000011100101011111100001010110
1111110010111010111100011011111100000001110001101111100001111001
1111001110111110111110010011110100001110001101001111100110110111
0000011101101010000000111000010011111111110110010000011101111101
1111010010010111111100111000110000001011111110101111001111101011
0000010010011010000001100001000011101111111100110000001110111101
1111110110100100000010000010100111111100110010100000001110111111
1111101110110111000000100111000100000010010101000000010001000000
1111101001011000000000101011010011111111100011010000000011011010
1111110000011010111111101011001011111111001010110000000101001010
1110100111000001111011000100001111110100110110101110111110011010
0000110010001110000100100111000111111100100101000000111001110011
1110110101000001111100101011010100000001000011101111000100110001
1111001000111101111100110110101000000011010001101111010110000011
1111001111100010111101011101100100000000001101111111001011000001
1111000000110100111100111001111111111011010001111111010011110000
1111000111110100111100101001010000000101011111011111010000010100
1111000101001100111101011001010011111111111110001111001100110100
1111001001011101111110111000100111111111000000001111100101110111
0001011001101010000010011110001100000100111010011111110010000111
1111001100010010111101111101110000000001101010101111100001100100
1111001101011000111111010101010100000001000101101111110110101110
1111110000011110000001010110011100000101010001111111111001111000
1110111110011001111101111010100100001001100111111111101000100111
1111100011101110111010111110001000001000100101011111000001010001
1111011111011100111100000111111100000100001111101110101111001011
1111000101010110111011110000111000001111010000111110110111111111
1111111001011010000010111011011000000011111111100001001000100100
1111100001111110111101100011111000001100101010111111001011100101
0000001100010010111111111110001111111001000000110000000010000101
1111111001101011111110000100101100000001001000101111101100001001
0000100100100110111110011000111011111110101111111111111100110011
0000101000110010111110110111000000000011001001110000000110000010
0000011110010001111110101100001011111111010110010000011000010110
1110111010101100111110000101100000000110100011111111011101001111
0001110010001111000100011000010100000100100011100001011111000110
1110101000100100111100110110110000000100101110101111011110101101
1111010010001111111111101100100000000000101100001111100100000111
1111010010100000111101110110100100000110101111011111100000111110
1111100001001111111100111001011000001010100110111111100111110110
1111000101100010111101111011011100000100111000001111001010010011
1111000000100101111101000010110000000100010101111111010110100110
1111101100000111000011010000110011111101111101000000011010001011
0001111000101000000000111011011111111000111001110000110100111011
1111011010111001000001000110100100000001111011001111110001110101
1111001001011011000001010001000111110101100110101111110101001011
1111101011011000000011010010101000000011010000010000100100010101
1111101000110100000010011110111111111101010010011111101101100101
1111110110000001000001111011100111111111010000000000011100011111
1111111110101011000001110100001000000000011101110000000101011110
1110001011011111111010111011000011111001111100001110000101100000
0001001100111111000100111100011111111110010010110000111100101111
1110001000011100111010001000011011111001101111111110000000101110
1110101111000000111100000101011100000010100011011110100100001100
1111100010011101111101110001101111111011001110101111011110110110
1111100101101011111110001100111000000101010101111111101100001111
1111011000001110111110001101101000000010101000101111100011101110
1111101101001011111110100011010111111111111001101111011011100001
0000100100111011000001011110000000001100100111110000010011001011
1111111111100000000000110101110100000010101101101111111101010111
0000010011101010000000001000100100001000110111100000000111110100
0000010100110100000001000010101000000001010110100000000111001010
1111101011010010111101101000110000000011011110101111100100101101
1111110000011011111111110010100000000100010101100000000101001000
0000001010000100000000000101101111111101010000011111111111110111
1111111111000000000000000111011111111100001111001111111110100010
1111110101001110000011011011010100000011111110111111000001000101
0001000111010100000001000011010111111011110100000001111101011101
1111111011000011000010001110101000000100001000001111010100101000
1111100000001111000001101111100111111001010100101111011101010011
0000100000111111000011010011100011111100111011101111101010100101
0000011111010110000010011111000100000011101011000000000001111111
0000011010000101000010100000001011111111011011011111101101000111
0000010010010001000010111011100011111111100000111111011111100110
1111011110000001000000010000110100000100001011001111011100110111
0000001111010101000000100100001000000011010001010000110111010110
0000000000101011000001010100011011111001110010011111000100010011
0000011100110011000010100110111000001100000001101111011011001110
0000010100001111000000101010000100001011110110011111111111111100
1111000011101101111101100000010011110011100010011111000011000101
1111000000010011111110101000001100000001110011101111010111110011
1111000001110000111101010110110011111100000101001111001000100000
0000010110110000000011011110011100001011110011010000010110010111
0000011110001001111111100011000100000011010101110000000100111100
0000000110000001000000011100110000001000111011110000010000100010
0000000110101100000010011101111100000011101000010000001110101100
1111101111101111111101110010001011111100100011001111110110001101
0000001111111111000001111011001011111110111110110000000110001011
0000000000100011111101111001110111111101000010000000000100001100
1111101100111010111110101110110111111101101100101111111111110110
1110101110001100111101001000010111111110111101111110101100001100
0000111011110101000000110000100111111110100011110000101101110000
1110100110011101111010110011000011101110110111111110011110001111
1111101011001011111110000001000100000011110110011111100101010111
1111111110010001000000001011111100001010110000001111110100000000
1111011011101011111101101011101011111110101011101111111000011001
1111101000000101111110111110110011111001010100101111110010000000
1111100110001100111110000100101011111000110001101111100001011101
1110101001110101111101000000110000000101011111111110110010001010
0001001111110010000101000101101000000101100001000001000100011011
1111000111101000111100100101001100001101011010101111010111001011
1111010011011110111100001011010111111010010010011111100101101011
1111010100111101111100010001100111111000100100101111100100010000
1111000011100001111100110000101111111001011111011111001000100100
1111101110001111111100110101110000000110101110101111101001010101
1111100100000011111101001000010011111111100100111111101101101000
1111010001111001111111110001001111111111110111011111001111101010
0001000111111010000000101010101011111010101101100001011110011110
0001010110111010000101111111110000000000111110111110111111010111
0000000010111010000010101001001011110100010110111111011000100001
0000010011001101000010000010110011111011110010111111110111001101
0000000110100011000010111010101100000100010000001111100001001111
0000000001111000000010000010010000000001010110111111010100010010
1111111001001001000000110100100000000011100010101111011111111111
1110110101000110111101100000100100000111001111111110111111001000
0001011001101100000101010001000100000010111111110001001000011111
1111000011010011111101111110111000000110011110011111001100110110
1111100110000110111110100100100000000011000000101111010101011011
1111000100100111111100110011001111111010001000001111011011000111
1111011111110111111101100010110011111100000101101111011101001100
1110100010001011111101100010000100000000111111011111000011011110
1110101011011010111100001011000100000000100000001110101110010100
1110100010010001111101011110110111110111101111111110111111011111
0000110001001000000000111101010100000000010111110000101000101011
1111111001000111000001010011111011111110100000111111111101011000
0000000110100110000000001011000011110111011000111111111110111001
1110100011010000111000111010101100000100001110111110101011001011
1110110111000011111110000101010111111011111110001111000000010010
1110110000011111111011001000010100001111011010111110100110110000
1110011111011011111011011011111100001010101000101110110011100010
1111111010001110000010000100111100001100001111010001101101000011
0001100010101100000000101001010100001011101111101111000110101010
0000011100010111000000101000110011111101111000010000111001111001
0000001110101111000001101110110100000111010000100001011111101111
0000000011100001000010011100010100000001000011110001111010011111
1111111100100100111111100101100100000001010010100001001001011101
1111011001101111111101001011001100000000001100110000010001110001
1111010000011001111101111101011000000010101000000000101000001100
1110110111100011111100100101101100000010001000111110101100110110
0001010101100001000100100100010000000010000000010001011001100101
1111010110110110111101000000011100000111011001001111001111100000
1111001110010001111110111101000100000101100010111111000100000110
1110110000101010111100010001100011111111110011111110110110111010
1111010100110011111100011011101100000000010100111111001111011100
1111100111011101111110001000011000000100110111111111110100101111
1111111110011011111101101101000100000011100010001111100010011000
1110011000001001111101000000100100001111010100001111011010100101
0001101100100001111100110110100000000101001010110000001000010001
1111010001100001111111101011001000000100000111011111100110101101
1111100100001011000000011000100000000100100011000000010000011101
1111111100010101000001111010101111111101010110110000010100111010
1111101001010110000010011111100111111101101001000000001010111111
1111111110111111000010001100011011111111100000100000101100001110
1111111100001001000010001001101011111111111110100000010011110111
0001000100111100000100011010000111110011110010100000110010001000
1111101101000001111111110101100011111111111000001111110000011000
0000010100011001000000101101010011111000010001100000100001000110
0000010010101100000001000110010011111010100010110000001111010000
1111101000000110111110000010100011111010111100111111101101010101
1111111110001101111111000010001100000100111011110000000011100101
0000101001101101000001000011010011111101110111010000010100010001
0000010000011010000010010111001111111111001000000000100011111110
1111100101110010111100111101001100001111010000001111100010000010
1111101010011001111111011101010011111110111000001111111001110101
1110111111111011111100011110100100001000010011111111001101101101
0000010111010010000000110101101111111110010110100000101010001001
1111111011111111111111111010101011111101101011100000001101100011
1111110101001110000000000111000100000010000111101111110111001011
0000001100010000111111011100001111111110111001001111111111111101
0000010000110110000000100011101111111110010011010000010011010001
1111011010000011000010000010011100000000110000111111000011111111
1111110101010011111101101010111011111101101010000001001110101110
1111100101011010000001110000001100000001100110101111110011111111
1111001101100011111111001010100011110010001110011111000000001001
1111001110110101000001001101110111111011001011001111010010111001
1111110000111010000000011100100100001000110010011111100001010010
1111010111000000111111011011011000001000010110101111001011100011
1111000111011010111110010001110000000111101100001111010011010100
0000010100110000000100000001000011111001111011011111011111111100
0001100111011111000000110001010111111011001101000001101001101111
0000100000110000000011101001111100000100010100001111111110100101
0000000001111010000001111111111011110100010011101111011010001100
1111111010001010000011110010010011111110011001001111111011011001
1111110101001110000110110100001111111010001011111111110111010011
1111101000100001000100011101100011111100111000011111110100110110
1111101101000001000100000110001100000010111110010000000000011101
0000010111110001000010100111100100000110011001010000101001010100
1111111100111111111111100010001011111110101011010000000111110101
1111111111010100000000111000101000001010000011100000010001110110
0000001011101101000001100100110100000100110100010000010011101001
1111011111011110111110100001111100000001010010011111010101110011
1111111010000100111110111110000000000000100011101111110011001000
1111111111110001111111000000010000000000010101010000001011000010
1111111011000001111111100000001111111101010010011111111011110101
1110110011000101111110100011110100000001011000001111001110110111
0001111011011001000011010110010100000111110110100001011011001000
1111011101100100111110111011011000001011111110111111001111110101
1111001111001101111111001001100000000010011110001111011010111101
1111001000000010111110101111010100000011100111011111100110101110
1110111110111010111110111000011111111010001001111111001100101101
1111100001001011111110101000011000000110011010001111101101001000
1111011111000011111110011111011100000001000010111111101000111101
1110010110011011111110011111111000000111010100101110010111110110
0001100110001111000011101111100011111111010000000001010001011110
1110010000100011111010011110101100000010001110111110010101000100
1111001011111101111111111110011011111010110111111111000110111000
1111011101111111111110011000001111111111001011111111100110110000
0000000010000010111101010001011011111010010000011111110110111101
1111011100111011111100101000011000000010111100001111100010010001
1111001000100101111101011010111000000001110110111111100010000110
1111101011001000000000100011110011111100001111001111001100000010
0000010101110001111100110001011011111111110100010000001011000000
0000100001000110000101000111101000000011001010011110111111001110
1111100010100000000001010111101011110011000100001110110101101000
1111110111011011000011100011000111111111100000011110100110101000
1111010110010011000000100110011000010001111100011110101101110101
1110111101010010111101000110010000001101100101111110000010110010
1110110110000001111100100001111100001101001011011110001110110100
1111111101001000111110111001010100001101011101111111111111111011
0000010101111010000001011011001000000001110100111111111101010001
1111011011110011111101000100101000001010100000111111010110010010
0000010111111110000000111001010011111111011101010000000101010010
1111100100101010111011101001110100000011000001001111010010010000
1111110011010010111101111001000011111110000111000000000101011001
0000000000001101111111101010000100000000111010000000010101111100
0000001101101000111111011010111100000000001001100000011001101010
1110100011110010111101001000100100000010111001001110110010000101
0000100000111101111111101100011111111110111001110000000110001001
1111110001111010111111010000001000000011110111101111010011101001
1111011001011111111110010001101000000101111100101111000000110111
1111011001011101111110100110010000000101100000001111100000110101
1111110010111001111111101001011011111100000001101111101110010000
1111010001101100111110100110001111111101010101101111000110110011
1111010000101011111101000001010011111011011011111111001111000011
1110011111010000111011001000011100000010010011101110011011011100
0001101000100001000101011111000100000011001110100001100011111010
1111001101110001111100100011101100000010100100011110111111111000
1111010110110100111101011000010100001001001111011111000001010111
1111010110010100111100100111000100000100100001011111001100100000
1111100000010000111100010111100000000011110011101111001100101011
1111100010111001111101100111111111111111001100101111100101110000
1111011001011000111101000100011100000000011100011111010010011000
1110110011010011111010000111101000001000011001101110101010011000
0001011000111001000101110111110111111101111101110001011101001110
1111010100100001111101000111110000001010110001101111100111100100
1111010001111000111101001010110111110000110110101111000110110001
1111011000100010111110110001100111111101100011111111101000100011
1111110000000011000000001111010000000010010110101111101010011101
1111101111001101111111000011101111111100011110101111110101110101
0000000100101010000000011010011111111110011000000000000001011100
1110010001000000111100001010000000000010111001111110110000011110
0000110101111110000000111000011000000010011110010000010101010000
1110001000001110111011010110100000000100010111001110000110101110
1110111010011001111110000111101000000101011000001111011111011000
1111100001011010111101011110111000001000010100101111011111011001
1111100100000011111110100101001111110111100111111111010100110111
1111101100111011111111010000001011110110100110111111101000100001
1111101011101010111110000101100111111010110100111111101001000111
1111101111010100000001101101001011111110001001111111001101010111
0000000000000000111110111010000111111101001110010001110000100101
0000001101010101000001111010101100000100110010101111101100001101
1111101011000110000001000100100011111010010111011110110100011000
1111111011101101000001010011001111111010011010001111001100010011
0000011111010011000001100101101000001011011001101111000100001110
0000110110011010000001011011101100000001011100111111010100000110
0000110111010111000001101100111000000000000100011111010110110001
1110110110011111111111001110001100000101111010111110111000000010
0001101100000010000011000010000011111111110110010001011011111000
1111010110100010111110010110111000000101101101001111010001010101
1110111111111010111111100100000000000010011101101111010011111011
1111001011111101111100011101001000000000101111011111000000111111
1111100110001110111110001001110100000011010011101111011111110011
1111010110000001111110010101101000000000100100001111011111000100
1111001110011000111100100010011111111111110100001111010101100110
1110111110110110111100001010001111110101101110111110111100100001
0000110110100001000100011110011100000001111111100000100101001110
1111111010101011111101101111111011111001010110101111101010101010
1110110101011000111010110101100100000001011011101110111101110101
1111011010110101111110011000001100000010110010011111010011110100
1111101001000101111110110011011011111011010010001111011111110000
1111010111100010111101101010000011111110010100011111011011101100
1111001101111000111110001010110000000100000001111111011101010010
0000001010111110000000000101000111110100100001111111110111011101
0000000011001101000000000100100011111111010100111111110101001001
1111110000011000111111000111101111111000101110101111101111000011
0000001001001100111111100110100111111110000010000000010001101101
1111100010010011111100000110001011111110010010011111010110000000
1111111000111010111110000011100111111011011111111111110011000100
1111111000010111111101101111010100000100001011011111111001100001
1111101011110111111110111010000000000101000101101111101000001100
1111011001010001000010110101011111111100001111111111101000011101
0000110101011111000000100100000111111110101101100000110101000110
1111000101101001000010001110110100001000111110111111010110010010
1111111101101100000101101111100111110010101110101111111100111001
1111110110010110000110111001100111110111000111100000010111100100
1110111101010011000001110101010000000101110000011111001101111111
1111001001001111000011110011000000000000011011001111110101101001
1111000110100111000100101010000000000001110100110000000001110110
0000011001100000000010100010010100001011101011100000101100110111
1111110101111111000000100000001100000000100000111111110110100010
0000010111011100000000010111111000000101110011010000000101111110
0000011000111100000010011010111000000110010001110000011100111010
0000000010100110111110110101111011111110100001100000000100000011
0000000100010010000000110101010100000010001100110000000001111111
0000010010010010111111101101101011111010000101010000000010001010
0000001011010111000000101111011100000000101111110000000010010011
1110010101001001111101110011001100001011101101111110010110111000
0000110001110000111111100110110000000000001110100000011001000011
1110111010111011111010011110100100010010110100101111001101011100
1110010010100110111011010100010011110010110101001110010101111010
0000000000101111000100010101100100000001011010110000010001010000
1111110110001110000011011001110100000010100000000000010011001100
1111100110000001000011011101110011111100110110001111111100010001
1111100111011001000011000110000011111100011011110000000011100100
0000010101011011000000111010001011110100101000000000010011011010
1111111110001100111111100001111011111111010001100000000010001000
0000001100010111111111101001001111111001011100010000010000100101
1111111110011101000000000011001011111100000111110000010110100111
1111101110001011111101101100101011111010010000001111111101000010
1111110111110111111111111001111000000001011100101111111100000011
0000001001001001111110001010100100000001110111001111111100010010
1111110001001101111111110100011000000100101000101111111000001000
1111011000101001000000001001110011111101010101111111011111000001
1111110000101011111110000111101111111011011100110000100100011111
1111101100000110000010001001010111110110110101001111100011100110
0000100001000111000101100001101000001100010110100000011101000110
0000011001010111000010100010110011111110110111110000000000001101
0000001010001100000011110000000100000111000110110000001000111100
0000000101011110000000111101010011111010101010101111101111001111
1111100111101010000001110110101111111001001110111111111000011000
1111100011111110111111001110101111111110010010011111011100011101
0000010010010110111111011011001011111111001110111111111000110010
0000000011001110000000101011010011110011111001011111111100010011
1111101100111100111111100001000100000000100111011111110001011000
1111111010000000000000011011101111111111010010001111100011001011
1111010111001110000010000000001100001000111001111111101100001100
0000110000101110000101011010110011111011100101010000110011111101
0000100101001111000100101111110111111000101110110000101010110010
1111111001101100111110110010000000000110011100101111100100000000
0000010110001011000000100011110011111110010111100000001101000101
1111101100100010000000111101101100001001000110001111110100101011
1111101000000100111110100010011011101111001100111111011101100011
1111011110110110111100000000110011111111000011101111100011011001
1111001100101001111110110111110111111001001001111111010101010001
1111101000101010111101100001110100000011000010001111011010111111
1111100110101110111100000001100000000010101111001111010010100110
1111100000100010111100101100011000001000000000001111011001100100
0001000010110010000101000110010011111101111010100001001101101110
1111110100011110111100010000111000001100011000101111110011111110
1111001111101010111011100100110111110011000111111111001110101111
1111100010010110111101100111001011111011111000001111101100110111
1111111010100111111111010000100000000010000001101111100111110111
1111100101111001111110100000010100000001110001111111010011011110
1111010000011110111111001000011000000000010100001111001001010001
1111000011111010111111000101110100000000010001101110111011100100
1111111111000100000000000010111100000010011110000000111000111001
0000001111011110000000101111111011111110101111111111001110011000
0000011000011111000010011001101111110011000000101111100000111001
1110100101111011111111000111110011111110000001001111101111011111
1110010100000010111010100000101000001000011110011110110010001101
1100111100110101110101101100000100001000100010001110110001101001
1101000111001111110110010010010100001110100111011110111110111010
1110110011001101000000000110100111111100000010011110100100001001
0000001100011111000000100110000011111100111100000001000101111010
1111101011100000000001101000011011111010101010011111110011111000
0000000101101010000100101100111100001100001000100000010100101001
0000011101011001000010010100110000000010110100101111111000001010
1111111001111000000000011000101011111000110000001111011001000001
0000110110100111000101001100001100000000011011010000010010101101
0000111011110111000011111101110000000101110001100000001110011100
1110101100000101111111110000111100001110001000011110101010100000
0000011010100100111110111101101100000011101011100000101010100101
1111100101101000000001111011110000000001001011001111010011000111
1111111000100110000011110010011011111110001111011111011110000100
0000010001111011000011010100111000000011011000111111110000011000
1111100011101110000000110100100000000010110000111110111101010001
1111110101010000000000110000000111111011100110111111010011100011
1111110111100100000010001111000011111100001110101111010010010100
1111100100011111111100001100001100000100100010011111000010000101
0000100000010110000010100111010011110011011101010001110010001100
1111101110001101111110000010111100000101111000011111100111000000
1111110011001010111110101101011000001010010100111110111010100011
0000010111001001111110111100100000000111001111011111001101010001
0000011000101111111111111100101100001000110111111111110001001000
1111011110010001111100010011110000001100101110011110110010010000
1111100110111110111100011010111000000111101011111110110110111100
0000101011011001000010000101010111110001101100000000101010000100
1111111101001001111111110010000011111111001101011111101100110100
0000010000001000000011010000100011110001111001110000100000000100
1111111010100101111110110011001000001010011001001111111111010100
0000000011001110111110101000011111111101010101101111111111100111
0000010010110100111110110000000100000011001010000000000100001001
0000100011001100111111101101100000000010100000000000010100111001
0000000101101010000000110011011011111101100001110000010010101011
1111001011100000111110100100100011110000111110011111010101100010
0001000000110110000000100001101011111110001111111111111000101000
0000001100101110111101111000000111111010000101011111101101010111
1111001100001010111100111100001000000001011010111111000011110101
1111101000001011111101011100111011111110110010111111101010110011
1111101101101100111110110010010111111111110111000000001100001111
1111111001110000111101011001101011111111010101110000001111110111
0000001101001010111101000001000100000010001111000000100000001010
1111010001101000111111001111110100000011000110001111000000010110
0000111100111011111111111111000111111111111000010000100100010100
0000101001101110000100001011010100000001100000111111100101111010
1111111011101101000011110101011100001001110101111111100110010110
1110011010011111111100111101101011111000100100111101111011001110
1110110101110110111111101000100011111110001110101111010100011110
1100110001100111110110101101000111110001000010111100001010110100
1100100011001110110111101011001011110101000011101100010000111111
0000010001111000000010010110011011110110010001010000011101111100
0000000111111001000000001010001000000000110100011111111110111101
1111111010100101000000000010111111111100001101011111111111010010
0000011000011100000000010001001111110111101000010000001101010011
1111011000110100111101010000011111111111100000001111101000111110
1111101001101000111110010001011000000100101000111111101011110100
1111100010110010111110010010101100000101001101101111101101001000
1111101111011010111101100001101100000101111101001111011111111100
1111001110100001111101001001101100000011110000001111000101001011
0000110001000011000000101010111111111010100001100000101001001010
1111111110011010111111011010101000000010000101001111101011100110
1111001000101101111101100011000100000000110100001111001011000000
1111101110111111000000001111001100000101111001001111101111011101
1110110110110000111010110010001011111110111100111110101110111100
1110110100011010111011110011100011111100110010111110111100010000
1110111110000110111100011010010111111111100101001110100000110111
0000100111001100000011100110110000000101110011000000100101100111
1111110100011011111111001100100111111110110101001111111011001110
0000011011000000000010101101011000000100100100010000001010001001
0000000011110101000001011000110100000110101011010000000110100110
0000000001010100000001001111100000000001010110001111100000000100
1111010101110000111110010100000111110111111011001111111100110011
0000010000001011000010111010010000000010000111101111110111001100
0000001000100110000001110101111011111110000111111111111011101001
0000001100110101000000010111010000000101101000001111001001000101
1111111100010000111110000100011011111001110000010010101010100010
0000000011110101000000001101100100001000000001011111100011000111
0000010100010011000001000010101011111000111000001111010010011101
0000000000010100111111111101101100000001100111110000001101010011
1111110011011011111111010110011100000111100000111111100011111100
1111111100110000111100110100101111111100101111111111001110001000
0000001001000000111100111101010111110111111001101111010110011001
1110111101110100111110110101100100001000001100111111000111110001
0000111110110010000011001001011100000000110010100001000001011100
1111100001010101111111100010010100000110100111001111001000101011
1111000111010111111110011000101000000000110001101111000011000101
1111100001100100111101010011101100000010111111101111011100110000
1111101111000011111110000110111011111100110001111111101110011000
1111011001101001111101111000000011111110011010111111110100111110
1111101000011110111110101111111100000010001101001111011011110000
0000010010011011111101110110011000000001101111010000001011110010
0000011110101111000010010111100111111001111000110000000101000001
0000101000001110111111100011111000001101111000010000011000111000
1111101110101011111100111010011011110100000011101111111100100110
0000011001111111111111011010101111111001100110100000010100001011
0000010001000111111110011100001000000000001100110000010110011000
0000101001011110000000100011111011111110110111000000100011010011
0000011010111100111111101011110011111111100101110000001100110101
1111010000011011111001100000011100000100100000101110110111101000
0000110110001000000100000010000100000101100000110001000000010000
1111010111011010111011100011100100000100111100101110100101101011
1111101100000110111100100001011000000101111100101111110110000000
1111100001100010111100001111010011111110111001001111101001100111
1111011101011111111101001111010011111111000001101111001011001100
1111001011110011111100000111100000000000011000001111010100010101
1111001001011011111100100111111000000010001100111111001100101101
1111111000111101000010000010101100000111001001101111111101110111
0000001100000101000000000010110000000000011110010000010111100010
1111111010101101000001000111110011111110010110000000001011111011
0000001010000100000010011000001000001001100001000000011001010101
1110110100101111111110010000010000000101100101001111000100011100
1110100010111000111110110000101111110101001000011110100100101111
1101000110001010111000011110011111110011010000111101001110100111
1101000111000000110111001110011111110010101110011101001100100000
